{
 "cells": [
  {
   "cell_type": "code",
   "execution_count": 79,
   "metadata": {
    "collapsed": false
   },
   "outputs": [],
   "source": [
    "import pandas as pd\n",
    "import seaborn as sns\n",
    "import numpy as np\n",
    "import matplotlib.pylab as plt\n",
    "import statsmodels.api as sm\n",
    "import statsmodels.formula.api as smf\n",
    "\n",
    "from sklearn.cross_validation import StratifiedKFold\n",
    "from sklearn.decomposition import PCA\n",
    "from sklearn.preprocessing import scale, robust_scale, minmax_scale, maxabs_scale\n",
    "from sklearn.linear_model import LinearRegression\n"
   ]
  },
  {
   "cell_type": "code",
   "execution_count": 149,
   "metadata": {
    "collapsed": false
   },
   "outputs": [],
   "source": [
    "read_file = pd.read_excel('./resource/teamproject_data1.xlsx', sheetname=0)\n",
    "\n",
    "df_scale = scale(read_file)\n",
    "df_data = pd.DataFrame(data = df_scale, columns = read_file.columns)\n",
    "#print(df_data['accident'], df_scale[:,-1:])\n"
   ]
  },
  {
   "cell_type": "code",
   "execution_count": 150,
   "metadata": {
    "collapsed": false
   },
   "outputs": [
    {
     "data": {
      "text/html": [
       "<div>\n",
       "<table border=\"1\" class=\"dataframe\">\n",
       "  <thead>\n",
       "    <tr style=\"text-align: right;\">\n",
       "      <th></th>\n",
       "      <th>date</th>\n",
       "      <th>accident</th>\n",
       "      <th>taxi_driver</th>\n",
       "      <th>speed</th>\n",
       "      <th>temperature</th>\n",
       "      <th>rainfall</th>\n",
       "      <th>humidity</th>\n",
       "      <th>dew_point</th>\n",
       "      <th>sun</th>\n",
       "      <th>wind_speed</th>\n",
       "      <th>total_population</th>\n",
       "      <th>over_65</th>\n",
       "      <th>total_vehicle</th>\n",
       "      <th>sedan</th>\n",
       "      <th>van</th>\n",
       "      <th>truck</th>\n",
       "      <th>special_car</th>\n",
       "      <th>bicycle</th>\n",
       "    </tr>\n",
       "  </thead>\n",
       "  <tbody>\n",
       "    <tr>\n",
       "      <th>date</th>\n",
       "      <td>1.000000</td>\n",
       "      <td>0.252083</td>\n",
       "      <td>-0.922514</td>\n",
       "      <td>-0.555033</td>\n",
       "      <td>0.054314</td>\n",
       "      <td>-0.175927</td>\n",
       "      <td>0.018305</td>\n",
       "      <td>0.043498</td>\n",
       "      <td>0.121565</td>\n",
       "      <td>-0.132541</td>\n",
       "      <td>-0.880127</td>\n",
       "      <td>0.961769</td>\n",
       "      <td>0.933223</td>\n",
       "      <td>0.945166</td>\n",
       "      <td>-0.957561</td>\n",
       "      <td>-0.817450</td>\n",
       "      <td>0.950240</td>\n",
       "      <td>0.693936</td>\n",
       "    </tr>\n",
       "    <tr>\n",
       "      <th>accident</th>\n",
       "      <td>0.252083</td>\n",
       "      <td>1.000000</td>\n",
       "      <td>-0.525679</td>\n",
       "      <td>-0.513479</td>\n",
       "      <td>0.584964</td>\n",
       "      <td>0.135401</td>\n",
       "      <td>0.389020</td>\n",
       "      <td>0.575799</td>\n",
       "      <td>0.273114</td>\n",
       "      <td>-0.116434</td>\n",
       "      <td>-0.434463</td>\n",
       "      <td>0.402047</td>\n",
       "      <td>0.416703</td>\n",
       "      <td>0.418520</td>\n",
       "      <td>-0.408534</td>\n",
       "      <td>-0.361412</td>\n",
       "      <td>0.413490</td>\n",
       "      <td>0.502958</td>\n",
       "    </tr>\n",
       "    <tr>\n",
       "      <th>taxi_driver</th>\n",
       "      <td>-0.922514</td>\n",
       "      <td>-0.525679</td>\n",
       "      <td>1.000000</td>\n",
       "      <td>0.691914</td>\n",
       "      <td>-0.274890</td>\n",
       "      <td>0.083854</td>\n",
       "      <td>-0.247492</td>\n",
       "      <td>-0.279732</td>\n",
       "      <td>-0.113295</td>\n",
       "      <td>0.250143</td>\n",
       "      <td>0.920305</td>\n",
       "      <td>-0.962764</td>\n",
       "      <td>-0.946845</td>\n",
       "      <td>-0.957415</td>\n",
       "      <td>0.964608</td>\n",
       "      <td>0.822594</td>\n",
       "      <td>-0.957262</td>\n",
       "      <td>-0.796580</td>\n",
       "    </tr>\n",
       "    <tr>\n",
       "      <th>speed</th>\n",
       "      <td>-0.555033</td>\n",
       "      <td>-0.513479</td>\n",
       "      <td>0.691914</td>\n",
       "      <td>1.000000</td>\n",
       "      <td>-0.288751</td>\n",
       "      <td>-0.146436</td>\n",
       "      <td>-0.435259</td>\n",
       "      <td>-0.335245</td>\n",
       "      <td>0.075180</td>\n",
       "      <td>0.285546</td>\n",
       "      <td>0.706207</td>\n",
       "      <td>-0.712052</td>\n",
       "      <td>-0.657475</td>\n",
       "      <td>-0.676027</td>\n",
       "      <td>0.680608</td>\n",
       "      <td>0.735086</td>\n",
       "      <td>-0.683796</td>\n",
       "      <td>-0.753067</td>\n",
       "    </tr>\n",
       "    <tr>\n",
       "      <th>temperature</th>\n",
       "      <td>0.054314</td>\n",
       "      <td>0.584964</td>\n",
       "      <td>-0.274890</td>\n",
       "      <td>-0.288751</td>\n",
       "      <td>1.000000</td>\n",
       "      <td>0.496143</td>\n",
       "      <td>0.631274</td>\n",
       "      <td>0.986712</td>\n",
       "      <td>0.160639</td>\n",
       "      <td>-0.119645</td>\n",
       "      <td>-0.114039</td>\n",
       "      <td>0.113730</td>\n",
       "      <td>0.101010</td>\n",
       "      <td>0.104773</td>\n",
       "      <td>-0.088760</td>\n",
       "      <td>-0.179415</td>\n",
       "      <td>0.108669</td>\n",
       "      <td>0.294405</td>\n",
       "    </tr>\n",
       "    <tr>\n",
       "      <th>rainfall</th>\n",
       "      <td>-0.175927</td>\n",
       "      <td>0.135401</td>\n",
       "      <td>0.083854</td>\n",
       "      <td>-0.146436</td>\n",
       "      <td>0.496143</td>\n",
       "      <td>1.000000</td>\n",
       "      <td>0.656162</td>\n",
       "      <td>0.559797</td>\n",
       "      <td>-0.474195</td>\n",
       "      <td>0.307348</td>\n",
       "      <td>0.132068</td>\n",
       "      <td>-0.136903</td>\n",
       "      <td>-0.092548</td>\n",
       "      <td>-0.105711</td>\n",
       "      <td>0.151077</td>\n",
       "      <td>0.118187</td>\n",
       "      <td>-0.122352</td>\n",
       "      <td>-0.062116</td>\n",
       "    </tr>\n",
       "    <tr>\n",
       "      <th>humidity</th>\n",
       "      <td>0.018305</td>\n",
       "      <td>0.389020</td>\n",
       "      <td>-0.247492</td>\n",
       "      <td>-0.435259</td>\n",
       "      <td>0.631274</td>\n",
       "      <td>0.656162</td>\n",
       "      <td>1.000000</td>\n",
       "      <td>0.747472</td>\n",
       "      <td>-0.542955</td>\n",
       "      <td>-0.166514</td>\n",
       "      <td>-0.138702</td>\n",
       "      <td>0.132013</td>\n",
       "      <td>0.124866</td>\n",
       "      <td>0.126239</td>\n",
       "      <td>-0.107948</td>\n",
       "      <td>-0.164120</td>\n",
       "      <td>0.111002</td>\n",
       "      <td>0.340758</td>\n",
       "    </tr>\n",
       "    <tr>\n",
       "      <th>dew_point</th>\n",
       "      <td>0.043498</td>\n",
       "      <td>0.575799</td>\n",
       "      <td>-0.279732</td>\n",
       "      <td>-0.335245</td>\n",
       "      <td>0.986712</td>\n",
       "      <td>0.559797</td>\n",
       "      <td>0.747472</td>\n",
       "      <td>1.000000</td>\n",
       "      <td>0.025246</td>\n",
       "      <td>-0.144863</td>\n",
       "      <td>-0.120977</td>\n",
       "      <td>0.118904</td>\n",
       "      <td>0.105906</td>\n",
       "      <td>0.109540</td>\n",
       "      <td>-0.092327</td>\n",
       "      <td>-0.183822</td>\n",
       "      <td>0.109722</td>\n",
       "      <td>0.319192</td>\n",
       "    </tr>\n",
       "    <tr>\n",
       "      <th>sun</th>\n",
       "      <td>0.121565</td>\n",
       "      <td>0.273114</td>\n",
       "      <td>-0.113295</td>\n",
       "      <td>0.075180</td>\n",
       "      <td>0.160639</td>\n",
       "      <td>-0.474195</td>\n",
       "      <td>-0.542955</td>\n",
       "      <td>0.025246</td>\n",
       "      <td>1.000000</td>\n",
       "      <td>0.039092</td>\n",
       "      <td>-0.049950</td>\n",
       "      <td>0.084629</td>\n",
       "      <td>0.054353</td>\n",
       "      <td>0.064552</td>\n",
       "      <td>-0.086162</td>\n",
       "      <td>-0.123419</td>\n",
       "      <td>0.083879</td>\n",
       "      <td>0.077854</td>\n",
       "    </tr>\n",
       "    <tr>\n",
       "      <th>wind_speed</th>\n",
       "      <td>-0.132541</td>\n",
       "      <td>-0.116434</td>\n",
       "      <td>0.250143</td>\n",
       "      <td>0.285546</td>\n",
       "      <td>-0.119645</td>\n",
       "      <td>0.307348</td>\n",
       "      <td>-0.166514</td>\n",
       "      <td>-0.144863</td>\n",
       "      <td>0.039092</td>\n",
       "      <td>1.000000</td>\n",
       "      <td>0.328294</td>\n",
       "      <td>-0.245394</td>\n",
       "      <td>-0.227444</td>\n",
       "      <td>-0.236360</td>\n",
       "      <td>0.247877</td>\n",
       "      <td>0.256592</td>\n",
       "      <td>-0.232016</td>\n",
       "      <td>-0.360150</td>\n",
       "    </tr>\n",
       "    <tr>\n",
       "      <th>total_population</th>\n",
       "      <td>-0.880127</td>\n",
       "      <td>-0.434463</td>\n",
       "      <td>0.920305</td>\n",
       "      <td>0.706207</td>\n",
       "      <td>-0.114039</td>\n",
       "      <td>0.132068</td>\n",
       "      <td>-0.138702</td>\n",
       "      <td>-0.120977</td>\n",
       "      <td>-0.049950</td>\n",
       "      <td>0.328294</td>\n",
       "      <td>1.000000</td>\n",
       "      <td>-0.941091</td>\n",
       "      <td>-0.941119</td>\n",
       "      <td>-0.948599</td>\n",
       "      <td>0.964130</td>\n",
       "      <td>0.755645</td>\n",
       "      <td>-0.973530</td>\n",
       "      <td>-0.664190</td>\n",
       "    </tr>\n",
       "    <tr>\n",
       "      <th>over_65</th>\n",
       "      <td>0.961769</td>\n",
       "      <td>0.402047</td>\n",
       "      <td>-0.962764</td>\n",
       "      <td>-0.712052</td>\n",
       "      <td>0.113730</td>\n",
       "      <td>-0.136903</td>\n",
       "      <td>0.132013</td>\n",
       "      <td>0.118904</td>\n",
       "      <td>0.084629</td>\n",
       "      <td>-0.245394</td>\n",
       "      <td>-0.941091</td>\n",
       "      <td>1.000000</td>\n",
       "      <td>0.962816</td>\n",
       "      <td>0.978668</td>\n",
       "      <td>-0.992709</td>\n",
       "      <td>-0.889572</td>\n",
       "      <td>0.982956</td>\n",
       "      <td>0.801192</td>\n",
       "    </tr>\n",
       "    <tr>\n",
       "      <th>total_vehicle</th>\n",
       "      <td>0.933223</td>\n",
       "      <td>0.416703</td>\n",
       "      <td>-0.946845</td>\n",
       "      <td>-0.657475</td>\n",
       "      <td>0.101010</td>\n",
       "      <td>-0.092548</td>\n",
       "      <td>0.124866</td>\n",
       "      <td>0.105906</td>\n",
       "      <td>0.054353</td>\n",
       "      <td>-0.227444</td>\n",
       "      <td>-0.941119</td>\n",
       "      <td>0.962816</td>\n",
       "      <td>1.000000</td>\n",
       "      <td>0.997702</td>\n",
       "      <td>-0.979590</td>\n",
       "      <td>-0.753192</td>\n",
       "      <td>0.983798</td>\n",
       "      <td>0.674774</td>\n",
       "    </tr>\n",
       "    <tr>\n",
       "      <th>sedan</th>\n",
       "      <td>0.945166</td>\n",
       "      <td>0.418520</td>\n",
       "      <td>-0.957415</td>\n",
       "      <td>-0.676027</td>\n",
       "      <td>0.104773</td>\n",
       "      <td>-0.105711</td>\n",
       "      <td>0.126239</td>\n",
       "      <td>0.109540</td>\n",
       "      <td>0.064552</td>\n",
       "      <td>-0.236360</td>\n",
       "      <td>-0.948599</td>\n",
       "      <td>0.978668</td>\n",
       "      <td>0.997702</td>\n",
       "      <td>1.000000</td>\n",
       "      <td>-0.989852</td>\n",
       "      <td>-0.793442</td>\n",
       "      <td>0.990477</td>\n",
       "      <td>0.711443</td>\n",
       "    </tr>\n",
       "    <tr>\n",
       "      <th>van</th>\n",
       "      <td>-0.957561</td>\n",
       "      <td>-0.408534</td>\n",
       "      <td>0.964608</td>\n",
       "      <td>0.680608</td>\n",
       "      <td>-0.088760</td>\n",
       "      <td>0.151077</td>\n",
       "      <td>-0.107948</td>\n",
       "      <td>-0.092327</td>\n",
       "      <td>-0.086162</td>\n",
       "      <td>0.247877</td>\n",
       "      <td>0.964130</td>\n",
       "      <td>-0.992709</td>\n",
       "      <td>-0.979590</td>\n",
       "      <td>-0.989852</td>\n",
       "      <td>1.000000</td>\n",
       "      <td>0.834793</td>\n",
       "      <td>-0.995879</td>\n",
       "      <td>-0.742787</td>\n",
       "    </tr>\n",
       "    <tr>\n",
       "      <th>truck</th>\n",
       "      <td>-0.817450</td>\n",
       "      <td>-0.361412</td>\n",
       "      <td>0.822594</td>\n",
       "      <td>0.735086</td>\n",
       "      <td>-0.179415</td>\n",
       "      <td>0.118187</td>\n",
       "      <td>-0.164120</td>\n",
       "      <td>-0.183822</td>\n",
       "      <td>-0.123419</td>\n",
       "      <td>0.256592</td>\n",
       "      <td>0.755645</td>\n",
       "      <td>-0.889572</td>\n",
       "      <td>-0.753192</td>\n",
       "      <td>-0.793442</td>\n",
       "      <td>0.834793</td>\n",
       "      <td>1.000000</td>\n",
       "      <td>-0.802673</td>\n",
       "      <td>-0.916389</td>\n",
       "    </tr>\n",
       "    <tr>\n",
       "      <th>special_car</th>\n",
       "      <td>0.950240</td>\n",
       "      <td>0.413490</td>\n",
       "      <td>-0.957262</td>\n",
       "      <td>-0.683796</td>\n",
       "      <td>0.108669</td>\n",
       "      <td>-0.122352</td>\n",
       "      <td>0.111002</td>\n",
       "      <td>0.109722</td>\n",
       "      <td>0.083879</td>\n",
       "      <td>-0.232016</td>\n",
       "      <td>-0.973530</td>\n",
       "      <td>0.982956</td>\n",
       "      <td>0.983798</td>\n",
       "      <td>0.990477</td>\n",
       "      <td>-0.995879</td>\n",
       "      <td>-0.802673</td>\n",
       "      <td>1.000000</td>\n",
       "      <td>0.699516</td>\n",
       "    </tr>\n",
       "    <tr>\n",
       "      <th>bicycle</th>\n",
       "      <td>0.693936</td>\n",
       "      <td>0.502958</td>\n",
       "      <td>-0.796580</td>\n",
       "      <td>-0.753067</td>\n",
       "      <td>0.294405</td>\n",
       "      <td>-0.062116</td>\n",
       "      <td>0.340758</td>\n",
       "      <td>0.319192</td>\n",
       "      <td>0.077854</td>\n",
       "      <td>-0.360150</td>\n",
       "      <td>-0.664190</td>\n",
       "      <td>0.801192</td>\n",
       "      <td>0.674774</td>\n",
       "      <td>0.711443</td>\n",
       "      <td>-0.742787</td>\n",
       "      <td>-0.916389</td>\n",
       "      <td>0.699516</td>\n",
       "      <td>1.000000</td>\n",
       "    </tr>\n",
       "  </tbody>\n",
       "</table>\n",
       "</div>"
      ],
      "text/plain": [
       "                      date  accident  taxi_driver     speed  temperature  \\\n",
       "date              1.000000  0.252083    -0.922514 -0.555033     0.054314   \n",
       "accident          0.252083  1.000000    -0.525679 -0.513479     0.584964   \n",
       "taxi_driver      -0.922514 -0.525679     1.000000  0.691914    -0.274890   \n",
       "speed            -0.555033 -0.513479     0.691914  1.000000    -0.288751   \n",
       "temperature       0.054314  0.584964    -0.274890 -0.288751     1.000000   \n",
       "rainfall         -0.175927  0.135401     0.083854 -0.146436     0.496143   \n",
       "humidity          0.018305  0.389020    -0.247492 -0.435259     0.631274   \n",
       "dew_point         0.043498  0.575799    -0.279732 -0.335245     0.986712   \n",
       "sun               0.121565  0.273114    -0.113295  0.075180     0.160639   \n",
       "wind_speed       -0.132541 -0.116434     0.250143  0.285546    -0.119645   \n",
       "total_population -0.880127 -0.434463     0.920305  0.706207    -0.114039   \n",
       "over_65           0.961769  0.402047    -0.962764 -0.712052     0.113730   \n",
       "total_vehicle     0.933223  0.416703    -0.946845 -0.657475     0.101010   \n",
       "sedan             0.945166  0.418520    -0.957415 -0.676027     0.104773   \n",
       "van              -0.957561 -0.408534     0.964608  0.680608    -0.088760   \n",
       "truck            -0.817450 -0.361412     0.822594  0.735086    -0.179415   \n",
       "special_car       0.950240  0.413490    -0.957262 -0.683796     0.108669   \n",
       "bicycle           0.693936  0.502958    -0.796580 -0.753067     0.294405   \n",
       "\n",
       "                  rainfall  humidity  dew_point       sun  wind_speed  \\\n",
       "date             -0.175927  0.018305   0.043498  0.121565   -0.132541   \n",
       "accident          0.135401  0.389020   0.575799  0.273114   -0.116434   \n",
       "taxi_driver       0.083854 -0.247492  -0.279732 -0.113295    0.250143   \n",
       "speed            -0.146436 -0.435259  -0.335245  0.075180    0.285546   \n",
       "temperature       0.496143  0.631274   0.986712  0.160639   -0.119645   \n",
       "rainfall          1.000000  0.656162   0.559797 -0.474195    0.307348   \n",
       "humidity          0.656162  1.000000   0.747472 -0.542955   -0.166514   \n",
       "dew_point         0.559797  0.747472   1.000000  0.025246   -0.144863   \n",
       "sun              -0.474195 -0.542955   0.025246  1.000000    0.039092   \n",
       "wind_speed        0.307348 -0.166514  -0.144863  0.039092    1.000000   \n",
       "total_population  0.132068 -0.138702  -0.120977 -0.049950    0.328294   \n",
       "over_65          -0.136903  0.132013   0.118904  0.084629   -0.245394   \n",
       "total_vehicle    -0.092548  0.124866   0.105906  0.054353   -0.227444   \n",
       "sedan            -0.105711  0.126239   0.109540  0.064552   -0.236360   \n",
       "van               0.151077 -0.107948  -0.092327 -0.086162    0.247877   \n",
       "truck             0.118187 -0.164120  -0.183822 -0.123419    0.256592   \n",
       "special_car      -0.122352  0.111002   0.109722  0.083879   -0.232016   \n",
       "bicycle          -0.062116  0.340758   0.319192  0.077854   -0.360150   \n",
       "\n",
       "                  total_population   over_65  total_vehicle     sedan  \\\n",
       "date                     -0.880127  0.961769       0.933223  0.945166   \n",
       "accident                 -0.434463  0.402047       0.416703  0.418520   \n",
       "taxi_driver               0.920305 -0.962764      -0.946845 -0.957415   \n",
       "speed                     0.706207 -0.712052      -0.657475 -0.676027   \n",
       "temperature              -0.114039  0.113730       0.101010  0.104773   \n",
       "rainfall                  0.132068 -0.136903      -0.092548 -0.105711   \n",
       "humidity                 -0.138702  0.132013       0.124866  0.126239   \n",
       "dew_point                -0.120977  0.118904       0.105906  0.109540   \n",
       "sun                      -0.049950  0.084629       0.054353  0.064552   \n",
       "wind_speed                0.328294 -0.245394      -0.227444 -0.236360   \n",
       "total_population          1.000000 -0.941091      -0.941119 -0.948599   \n",
       "over_65                  -0.941091  1.000000       0.962816  0.978668   \n",
       "total_vehicle            -0.941119  0.962816       1.000000  0.997702   \n",
       "sedan                    -0.948599  0.978668       0.997702  1.000000   \n",
       "van                       0.964130 -0.992709      -0.979590 -0.989852   \n",
       "truck                     0.755645 -0.889572      -0.753192 -0.793442   \n",
       "special_car              -0.973530  0.982956       0.983798  0.990477   \n",
       "bicycle                  -0.664190  0.801192       0.674774  0.711443   \n",
       "\n",
       "                       van     truck  special_car   bicycle  \n",
       "date             -0.957561 -0.817450     0.950240  0.693936  \n",
       "accident         -0.408534 -0.361412     0.413490  0.502958  \n",
       "taxi_driver       0.964608  0.822594    -0.957262 -0.796580  \n",
       "speed             0.680608  0.735086    -0.683796 -0.753067  \n",
       "temperature      -0.088760 -0.179415     0.108669  0.294405  \n",
       "rainfall          0.151077  0.118187    -0.122352 -0.062116  \n",
       "humidity         -0.107948 -0.164120     0.111002  0.340758  \n",
       "dew_point        -0.092327 -0.183822     0.109722  0.319192  \n",
       "sun              -0.086162 -0.123419     0.083879  0.077854  \n",
       "wind_speed        0.247877  0.256592    -0.232016 -0.360150  \n",
       "total_population  0.964130  0.755645    -0.973530 -0.664190  \n",
       "over_65          -0.992709 -0.889572     0.982956  0.801192  \n",
       "total_vehicle    -0.979590 -0.753192     0.983798  0.674774  \n",
       "sedan            -0.989852 -0.793442     0.990477  0.711443  \n",
       "van               1.000000  0.834793    -0.995879 -0.742787  \n",
       "truck             0.834793  1.000000    -0.802673 -0.916389  \n",
       "special_car      -0.995879 -0.802673     1.000000  0.699516  \n",
       "bicycle          -0.742787 -0.916389     0.699516  1.000000  "
      ]
     },
     "execution_count": 150,
     "metadata": {},
     "output_type": "execute_result"
    }
   ],
   "source": [
    "# 상관관계 구하기\n",
    "df_data.corr()"
   ]
  },
  {
   "cell_type": "code",
   "execution_count": 151,
   "metadata": {
    "collapsed": false
   },
   "outputs": [],
   "source": [
    "df_cons = sm.add_constant(df_data.ix[:,:-1])\n",
    "df_y    = pd.DataFrame(data = df_scale[:,-1:], columns = ['accident/day'])\n"
   ]
  },
  {
   "cell_type": "code",
   "execution_count": 152,
   "metadata": {
    "collapsed": false
   },
   "outputs": [
    {
     "name": "stdout",
     "output_type": "stream",
     "text": [
      "                            OLS Regression Results                            \n",
      "==============================================================================\n",
      "Dep. Variable:           accident/day   R-squared:                       0.980\n",
      "Model:                            OLS   Adj. R-squared:                  0.963\n",
      "Method:                 Least Squares   F-statistic:                     58.51\n",
      "Date:                Wed, 26 Oct 2016   Prob (F-statistic):           9.08e-13\n",
      "Time:                        21:27:46   Log-Likelihood:                 19.432\n",
      "No. Observations:                  36   AIC:                            -4.863\n",
      "Df Residuals:                      19   BIC:                             22.06\n",
      "Df Model:                          16                                         \n",
      "Covariance Type:            nonrobust                                         \n",
      "====================================================================================\n",
      "                       coef    std err          t      P>|t|      [95.0% Conf. Int.]\n",
      "------------------------------------------------------------------------------------\n",
      "const             4.556e-14      0.032   1.41e-12      1.000        -0.068     0.068\n",
      "date                -0.3895      0.311     -1.252      0.226        -1.041     0.262\n",
      "accident             0.0704      0.079      0.896      0.382        -0.094     0.235\n",
      "taxi_driver         -0.5148      0.312     -1.649      0.116        -1.168     0.139\n",
      "speed               -0.0730      0.114     -0.641      0.529        -0.311     0.165\n",
      "temperature          2.1608      1.626      1.329      0.200        -1.243     5.564\n",
      "rainfall             0.1155      0.076      1.512      0.147        -0.044     0.275\n",
      "humidity             0.5487      0.392      1.399      0.178        -0.272     1.369\n",
      "dew_point           -2.5933      1.836     -1.413      0.174        -6.436     1.249\n",
      "sun                  0.1146      0.089      1.285      0.214        -0.072     0.301\n",
      "wind_speed          -0.1173      0.061     -1.911      0.071        -0.246     0.011\n",
      "total_population    -0.4760      0.303     -1.569      0.133        -1.111     0.159\n",
      "over_65              4.8857      1.440      3.394      0.003         1.872     7.899\n",
      "total_vehicle        0.0280      0.259      0.108      0.915        -0.513     0.569\n",
      "sedan               -0.0897      0.249     -0.361      0.722        -0.610     0.431\n",
      "van                  0.8515      1.777      0.479      0.637        -2.867     4.570\n",
      "truck                0.3370      0.272      1.238      0.231        -0.233     0.907\n",
      "special_car         -3.6220      1.027     -3.527      0.002        -5.771    -1.473\n",
      "==============================================================================\n",
      "Omnibus:                        3.371   Durbin-Watson:                   1.894\n",
      "Prob(Omnibus):                  0.185   Jarque-Bera (JB):                2.847\n",
      "Skew:                           0.685   Prob(JB):                        0.241\n",
      "Kurtosis:                       2.864   Cond. No.                     2.01e+16\n",
      "==============================================================================\n",
      "\n",
      "Warnings:\n",
      "[1] Standard Errors assume that the covariance matrix of the errors is correctly specified.\n",
      "[2] The smallest eigenvalue is 8.33e-31. This might indicate that there are\n",
      "strong multicollinearity problems or that the design matrix is singular.\n"
     ]
    }
   ],
   "source": [
    "model = sm.OLS(df_y, df_cons)\n",
    "result_model = model.fit()\n",
    "print(result_model.summary())"
   ]
  },
  {
   "cell_type": "code",
   "execution_count": 153,
   "metadata": {
    "collapsed": false
   },
   "outputs": [
    {
     "data": {
